10
(S 7 1 (P 9 4 10 2 8) 4 6)
(P 3 (S 6 7 3 (S 1 7 7 1 1 5) 9 5) (S 9 4 (S 8 5) 1 2 3) (P 7 (S 8 10 10 (P 1 8 8 3 2 3) 3 4) 10 10 7 9) 2 (S 9 9 1))
(S 4 7)
(P (S 4 4 (S 5 8 5 8 4) 10 1 8) (P 5 2) 9)
(P 8 (P 10 2) (P 10 2) 9 7)
(S (P 4 8) (S 1 2 6 (S 9 6 6 (P 3 9 1 3 8)) 7 (P 1 7 2)) (P 7 (S 6 5 5) 5 (S 9 4 9 4 5) 10) 8 6 8)
(S (S 6 1) 10 (P 1 2) 2 8 1)
(P 3 7 (P 4 (S (P 8 8 5 5 7 3) 2 5 3) 7 (P (S 9 1 5 5) 8 3) 7 3))
(P (P 8 1 9) (P 2 (P 9 10 3 7 9 7) 8 (P 6 (P 3 8 1 9 10)) 7) 2 (P (P 4 5) 8 7 4 2 4) (P 5 7 5 (P 3 8 2 6)) (P 8 3 2))
(S (S 9 1 2 1 9 (S (S 9 7 8 1 7) 7 9 4)) (S 10 1 1 6 9))
