20
1 5 26 19 19 38 38 39
3 1 59 57 42 38
2 4 60 28 12 21 30 36
4 2 63 54 53 36 31 39
2 10 58 43 11 12 17 23 25 27 27 33 38 39
3 8 58 43 41 10 16 20 21 25 27 29 32
2 2 66 46 15 20
1 5 35 17 18 22 31 37
3 5 57 22 20 10 13 27 34 36
1 8 46 12 13 15 22 32 36 37 38
2 5 54 22 22 22 33 38 39
1 9 48 15 20 21 21 27 31 34 36 38
2 3 53 38 34 35 37
2 6 68 24 22 28 32 34 37 38
2 4 67 27 12 13 15 35
1 6 28 11 17 19 30 34 35
1 5 25 17 21 24 31 39
4 9 62 59 57 50 11 14 16 20 22 31 32 35 40
1 6 47 10 11 12 22 27 35
4 1 69 62 52 34 26
