1000
790
1872
188
558
1317
60
1553
522
521
366
105
1250
1312
1507
1934
638
988
716
842
1358
1940
355
1807
1143
1483
208
908
1092
1443
920
921
496
1327
1521
1688
1455
628
873
1508
632
1063
18
1133
737
1054
783
811
1354
63
284
1220
1731
24
10
614
1938
1827
390
105
75
861
1501
1089
1547
801
1910
595
1911
1014
994
1125
1204
1138
1602
1322
547
1276
658
1363
264
505
503
280
1365
1399
888
1356
1995
1336
1523
243
419
1636
775
312
1880
322
659
1802
1310
1583
1069
516
1246
944
683
861
1195
728
1686
1927
1959
279
172
916
182
1404
285
1821
689
1349
276
827
30
176
1597
1836
560
1529
105
1040
560
1430
510
770
374
672
1437
206
1022
1487
1398
548
827
1374
989
1158
1766
410
558
118
1791
1318
595
1367
276
1581
323
1254
1994
782
932
556
1150
1117
1543
987
1813
1530
1861
97
1810
1172
1194
1147
1348
1639
47
1128
104
1639
948
71
1979
173
1097
1080
54
1537
1022
632
1582
75
1389
971
945
1255
1798
1712
1193
681
211
1484
449
1105
1377
1393
1088
731
651
1656
1584
1343
1527
1521
33
462
678
769
1972
1959
757
590
1648
1305
1951
174
1918
1266
1128
619
554
1472
1309
795
1211
901
275
1587
280
290
220
366
1998
700
1816
1412
820
1686
1473
1051
1721
147
325
1549
1716
1026
1464
291
1584
1
569
454
582
1635
385
505
724
620
87
607
1700
1862
597
513
1060
970
1566
1380
46
32
768
1045
400
1172
1041
1852
206
1682
60
1799
1740
282
1750
856
1073
726
524
962
714
1347
353
1826
1767
1965
1569
1846
84
1427
1529
1314
1187
735
1421
785
536
475
1833
578
1939
1579
1344
1799
463
17
1408
90
1893
334
1201
249
187
49
1671
1573
1467
1062
1495
87
1035
89
1754
962
265
1693
1742
1723
380
1621
774
430
613
323
267
1140
812
1271
295
1829
1550
1687
1655
362
709
1396
1379
1451
1143
1077
153
344
1067
533
1885
1020
167
267
984
653
1134
101
200
841
1375
1109
213
825
285
1096
849
1597
484
1457
841
730
235
784
1920
798
363
1202
1882
1508
1842
1350
1465
1373
1859
828
1733
480
84
1219
55
1258
127
104
1521
1421
456
1166
1235
763
1417
1534
140
112
841
1747
866
336
937
1264
1034
841
1314
1917
1894
1926
1047
1122
1921
883
510
232
1803
575
1434
95
1421
1642
1548
457
51
683
125
1789
779
202
295
1499
848
504
470
1621
593
1574
388
1011
776
651
1573
1427
1694
573
1309
266
565
59
893
580
1299
931
1390
83
1464
1058
717
1576
1613
1324
1278
528
863
160
791
188
616
380
1126
937
1129
200
110
87
1239
1001
1556
1939
1716
1898
427
1207
1542
1659
1030
1253
1918
1976
1526
199
1136
1629
1862
1358
1325
1273
436
712
28
928
926
1982
69
1627
277
1531
1835
1008
578
715
7
1684
1701
401
638
152
215
839
228
1467
1072
392
235
1188
1786
644
1675
955
782
481
228
393
1010
1873
1737
1574
1540
358
981
777
424
633
63
1331
341
548
1266
715
699
1395
602
461
466
1497
1592
169
172
1998
1603
1407
1217
1059
715
1914
1174
890
247
1840
521
200
80
750
1819
804
1751
1948
411
1514
180
1884
1681
1568
895
1786
1848
1625
33
766
339
1425
839
1154
878
973
874
1934
1528
615
1932
901
1659
1985
860
1252
1045
955
1743
823
567
196
1464
650
1447
1197
1883
1386
229
1129
1431
903
1238
1028
280
839
362
1840
647
17
152
739
1608
725
1091
246
555
302
368
1721
1870
1389
1312
1077
453
1549
1385
1591
1708
451
1951
1068
512
1822
1666
216
467
469
684
760
246
405
1859
1983
839
270
364
1604
754
503
1730
806
647
737
253
214
1974
1714
1658
1684
1320
1357
1962
1917
465
1030
1192
1322
837
953
741
1577
152
1174
1734
722
145
1764
184
1302
1663
1046
1192
1081
1568
1197
8
92
1884
1156
740
1595
1768
1230
272
1863
1531
373
1022
339
1771
1172
1159
1021
1453
1996
1463
866
1751
1444
104
1683
599
104
400
771
506
1865
1081
383
702
1319
1799
1205
1399
1294
616
932
1901
285
1013
1369
881
1396
1184
261
1550
460
555
1722
446
1744
1650
1688
687
1177
1127
1741
939
1363
1147
1773
1856
1188
1161
262
945
645
1083
311
1908
164
1045
1987
1769
1491
1298
1794
312
1677
552
705
880
93
663
902
610
534
1814
1623
534
1406
1222
1907
1084
1653
1897
1708
331
1129
1723
647
125
1703
1280
1169
1540
884
50
1609
954
368
1024
162
1983
955
292
1434
1386
924
708
152
1169
1937
869
693
1557
838
1080
24
1895
1885
128
78
1273
1140
1162
1098
555
1302
1778
1855
430
583
1382
428
886
1958
811
67
773
1714
1529
1917
973
1747
1106
190
1194
495
139
667
7
7
1044
1875
1319
1715
1095
376
85
1935
1435
1872
1616
345
1015
809
626
921
1492
979
1232
581
1666
1396
549
1344
529
1507
759
972
1600
121
286
920
296
1722
1275
1678
651
896
452
1248
1261
556
1526
1537
271
864
1652
516
660
1294
1934
1695
208
244
1087
946
121
538
375
1631
226
1620
1836
753
1880
195
982
1097
1431
432
123
402
647
878
914
608
440
438
1429
426
1452
1834
812
1885
1243
204
433
1945
745
1263
447
569
1230
663
1914
1086
10