370
140
136
2
90
270
320
45
13
176
434
310
70
738
12
243
1
750
195
348
4
405
80
174
126
783
410
261
368
55
144
162
312
77
100
480
585
860
28
267
552
74
350
850
710
42
174
512
222
267
490
124
266
225
474
567
138
290
441
219
830
126
656
448
95
168
384
729
44
3
30
583
160
322
14
108
112
330
48
22
160
372
310
350
930
30
84
102
96
756
90
147
320
30
564
728
370
28
469
320
552
352
581
41
42
84
558
720
427
84
455
235
70
168
144
108
686
558
64
279
93
102
56
402
415
243
410
260
197
688
368
21
64
780
810
585
345
84
93
801
69
49
324
184
186
664
12
108
342
140
310
93
12
500
9
54
375
110
260
16
376
368
104
174
116
276
174
155
150
360
63
744
380
204
370
655
96
119
330
175
86
774
8
156
238
300
432
105
48
42
210
792
366
322
249
350
57
384
743
96
384
220
485
792
90
50
24
246
318
287
7
150
141
390
288
342
58
6
587
664
92
402
81
174
180
432
232
30
624
396
70
553
174
455
261
660
720
156
240
28
650
512
11
50
508
196
172
287
58
64
140
52
783
648
132
217
702
164
492
2
270
14
5
330
528
10
1
580
396
24
624
21
224
175
710
200
329
279
510
552
4
780
370
59
85
90
189
765
102
172
225
86
118
252
335
20
79
144
62
512
114
210
602
24
595
304
189
354
232
480
910
6
8
830
315
165
639
360
480
292
235
32
112
504
330
348
115
135
207
264
74
792
26
340
552
90
185
416
665
96
576
248
32
260
140
365
486
530
96
48
140
60
42
208
592
128
255
20
159
90
85
390
120
204
324
36
76
138
468
552
846
470
33
70
568
108
54
35
342
256
521
60
267
60
510
88
119
14
220
89
42
170
220
198
192
444
116
460
108
760
423
392
76
57
62
30
624
108
249
720
330
270
63
7
116
138
25
196
100
280
40
567
240
284
600
180
46
294
424
560
88
160
356
44
220
150
128
616
664
435
600
510
20
390
244
396
63
609
105
536
592
48
100
161
150
261
98
63
14
27
294
87
410
279
920
296
40
82
180
516
7
161
440
126
158
544
27
328
280
252
236
52
70
150
45
710
104
908
315
222
10
539
124
258
372
260
66
124
78
24
32
141
672
420
702
637
112
153
300
165
162
162
28
610
320
450
76
66
74
305
306
92
492
343
7
384
186
126
148
472
12
178
70
440
522
370
243
332
24
36
14
72
80
425
251
250
730
322
498
255
619
136
64
63
34
252
72
260
330
156
59
92
386
94
669
152
456
40
62
235
69
744
480
90
120
102
116
324
160
273
19
468
177
201
324
28
372
740
156
384
161
462
288
63
84
316
51
117
55
336
120
309
368
472
110
90
272
90
699
78
27
142
52
747
57
240
287
22
153
129
15
54
54
400
568
656
712
30
134
72
108
269
567
90
130
276
21
790
89
128
365
585
100
90
61
279
308
820
35
91
329
20
288
280
150
623
150
152
818
234
118
900
200
108
138
230
50
270
590
153
46
570
475
30
37
180
68
112
190
388
552
60
174
782
490
168
132
27
367
28
3
126
623
18
140
390
616
207
84
156
84
320
10
225
322
8
462
210
410
224
414
124
200
38
712
385
280
232
42
670
90
552
672
492
59
424
110
329
144
78
751
132
432
102
320
792
747
217
9
445
470
486
728
142
630
24
47
70
178
18
43
276
2
96
16
460
195
90
574
450
56
56
490
728
124
126
384
72
92
84
736
960
112
369
410
160
159
650
92
162
472
135
528
305
427
768
20
192
45
76
711
639
150
204
9
90
500
495
348
161
104
280
6
136
100
720
445
87
27
318
231
392
153
12
368
280
170
105
384
156
192
620
553
308
592
215
240
168
216
45
87
264
154
261
60
68
192
84
360
260
248
544
48
162
190
534
240
21
829
736
189
84
63
140
104
870
128
567
410
135
170
50
216
82
162
144
930
68
780
751
306
245
356
210
138
10
156
216
846
99
272
630
96
709
154
188
162
800
469
469
198
180
318
512
165
670
350
117
702
252
504
358
510
45
36
40
224
3
485
620
224
30
36
192
57
9
175
80
155
284
27
600
81
22
150
518
89
164
231
168
162
390
30
658
472
42
150
57
171
328
56
522
27
168
387
25
15
65
405
210
624
640
126
259
78
496
360
148
30
455
623
81
235
285
304
63
96
80
86
320
207
225
755
201
819
266
385
210
113
490
49
380
336
48
138
470
224
380
224
99
2
185
87
92
414
16
25
8
384
42
